8720470
489 2 8720470 512 313 197
8 2 8720470 512 315 195
8 2 8720470 512 317 193
7 2 8720470 512 318 191
8 2 8720470 512 320 188
8 2 8720470 512 321 185
8 2 8720470 512 322 183
8 2 8720470 512 323 181
8 2 8720470 512 324 179
8 2 8720470 512 325 176
8 2 8720470 512 327 174
8 2 8720470 512 330 173
8 2 8720470 512 334 171
8 2 8720470 512 342 168
8 2 8720470 512 350 166
8 2 8720470 512 362 162
8 2 8720470 512 376 159
7 2 8720470 512 391 157
8 2 8720470 512 408 154
8 2 8720470 512 427 150
8 2 8720470 512 445 148
8 2 8720470 512 461 144
8 2 8720470 512 479 140
7 2 8720470 512 495 136
8 2 8720470 512 509 133
8 2 8720470 512 522 131
8 2 8720470 512 534 128
7 2 8720470 512 547 126
8 2 8720470 512 557 124
8 2 8720470 512 568 122
8 2 8720470 512 578 121
8 2 8720470 512 590 120
8 2 8720470 512 603 120
8 2 8720470 512 619 120
8 2 8720470 512 644 118
6 2 8720470 512 670 115
8 2 8720470 512 699 110
8 2 8720470 512 725 106
8 2 8720470 512 747 100
8 2 8720470 512 766 95
8 2 8720470 512 778 89
7 2 8720470 512 789 83
8 2 8720470 512 798 79
8 2 8720470 512 804 75
8 2 8720470 512 809 71
8 2 8720470 512 811 69
8 2 8720470 512 813 67
8 2 8720470 512 814 67
40 2 8720470 512 815 66
40 2 8720470 512 815 66
56 2 8720470 512 815 65
9 2 8720470 512 815 65
6 2 8720470 512 812 65
8 2 8720470 512 806 65
7 2 8720470 512 798 66
8 2 8720470 512 790 67
7 2 8720470 512 782 68
8 2 8720470 512 774 69
7 2 8720470 512 767 70
8 2 8720470 512 761 72
6 2 8720470 512 757 73
8 2 8720470 512 753 74
8 2 8720470 512 752 74
8 2 8720470 512 750 74
8 2 8720470 512 749 74
8 2 8720470 512 747 74
8 2 8720470 512 746 75
7 2 8720470 512 745 75
7 2 8720470 512 745 75
8 2 8720470 512 744 75
32 2 8720470 512 744 75
8 2 8720470 512 743 75
23 2 8720470 512 743 75
16 2 8720470 512 742 75
8 2 8720470 512 740 76
6 2 8720470 512 739 76
7 2 8720470 512 737 77
8 2 8720470 512 735 78
7 2 8720470 512 734 78
8 2 8720470 512 732 79
8 2 8720470 512 731 80
6 2 8720470 512 730 80
7 2 8720470 512 728 80
7 2 8720470 512 726 81
8 2 8720470 512 723 83
7 2 8720470 512 721 83
8 2 8720470 512 720 83
7 2 8720470 512 719 83
8 2 8720470 512 716 84
8 2 8720470 512 715 84
8 2 8720470 512 713 85
7 2 8720470 512 712 85
8 2 8720470 512 710 86
6 2 8720470 512 708 87
8 2 8720470 512 707 88
6 2 8720470 512 706 88
7 2 8720470 512 704 88
16 2 8720470 512 703 88
7 2 8720470 512 702 88
8 2 8720470 512 702 88
103 2 8720470 513 702 88
72 2 8720470 514 702 88
136 2 8720470 512 701 88
7 2 8720470 512 701 88
9 2 8720470 512 700 88
47 2 8720470 512 699 88
7 2 8720470 512 698 89
8 2 8720470 512 698 89
8 2 8720470 512 697 90
8 2 8720470 512 696 90
7 2 8720470 512 694 91
7 2 8720470 512 693 91
8 2 8720470 512 692 93
7 2 8720470 512 692 93
16 2 8720470 512 691 94
16 2 8720470 512 690 94
8 2 8720470 512 689 95
16 2 8720470 512 689 95
8 2 8720470 512 688 96
8 2 8720470 512 688 97
7 2 8720470 512 688 99
8 2 8720470 512 687 100
7 2 8720470 512 686 101
8 2 8720470 512 686 102
7 2 8720470 512 685 103
8 2 8720470 512 684 105
8 2 8720470 512 684 106
8 2 8720470 512 683 107
8 2 8720470 512 683 107
8 2 8720470 512 683 108
8 2 8720470 512 683 109
9 2 8720470 512 682 110
23 2 8720470 512 682 111
8 2 8720470 512 682 112
8 2 8720470 512 682 113
8 2 8720470 512 682 113
7 2 8720470 512 682 115
8 2 8720470 512 682 115
7 2 8720470 512 682 116
8 2 8720470 512 682 118
8 2 8720470 512 682 120
8 2 8720470 512 682 121
8 2 8720470 512 682 122
8 2 8720470 512 682 123
8 2 8720470 512 682 124
8 2 8720470 512 682 125
8 2 8720470 512 682 126
7 2 8720470 512 682 127
8 2 8720470 512 682 128
7 2 8720470 512 682 130
8 2 8720470 512 682 130
9 2 8720470 512 682 131
7 2 8720470 512 682 132
8 2 8720470 512 682 133
7 2 8720470 512 682 133
8 2 8720470 512 682 134
7 2 8720470 512 682 134
16 2 8720470 512 682 135
7 2 8720470 512 682 135
184 2 7012748 513 42 41
77 2 7012748 514 42 41
232 2 7012748 512 42 41
8 2 7012748 512 42 41
8 2 7012748 512 42 41
8 2 7012748 512 42 40
8 2 7012748 512 42 40
8 2 7012748 512 42 39
8 2 7012748 512 42 38
40 2 7012748 512 42 38
7 2 7012748 512 42 37
8 2 7012748 512 42 37
8 2 7012748 512 42 36
7 2 7012748 512 42 35
8 2 7012748 512 42 34
7 2 7012748 512 42 32
8 2 7012748 512 41 30
8 2 7012748 512 40 28
7 2 7012748 512 40 27
8 2 7012748 512 40 25
6 2 7012748 512 39 24
7 2 7012748 512 38 23
8 2 7012748 512 38 22
8 2 7012748 512 37 19
6 2 7012748 512 37 18
8 2 7012748 512 36 16
7 2 7012748 512 36 15
8 2 7012748 512 36 14
6 2 7012748 512 36 14
95 2 7012748 512 36 13
56 2 8720470 513 676 107
68 2 8720470 514 676 107
158 2 8720470 512 676 107
7 2 8720470 512 676 107
16 2 8720470 512 676 108
8 2 8720470 512 676 108
8 2 8720470 512 676 109
7 2 8720470 512 676 110
8 2 8720470 512 676 111
8 2 8720470 512 676 112
8 2 8720470 512 676 113
7 2 8720470 512 676 114
6 2 8720470 512 676 116
8 2 8720470 512 676 117
8 2 8720470 512 676 117
8 2 8720470 512 676 118
7 2 8720470 512 676 119
8 2 8720470 512 676 119
24 2 8720470 512 676 120
8 2 8720470 512 676 120
7 2 8720470 512 676 121
8 2 8720470 512 675 123
8 2 8720470 512 675 123
8 2 8720470 512 674 125
16 2 8720470 512 674 126
8 2 8720470 512 674 127
126 2 8720470 512 674 127
16 2 8720470 512 674 128
7 2 8720470 512 674 128
8 2 8720470 512 674 129
8 2 8720470 512 674 129
8 2 8720470 512 674 130
8 2 8720470 512 674 131
8 2 8720470 512 673 131
48 2 8720470 512 673 132
16 2 8720470 512 673 132
16 2 8720470 512 673 133
7 2 8720470 512 673 133
144 2 11732684 513 33 13
84 2 11732684 514 33 13
71 2 11732684 512 33 14
8 2 11732684 512 33 15
7 2 11732684 512 34 16
4 2 11732684 512 36 17
8 2 11732684 512 39 19
7 2 11732684 512 43 21
7 2 11732684 512 47 22
8 2 11732684 512 50 23
7 2 11732684 512 55 25
9 2 11732684 512 58 26
5 2 11732684 512 59 26
8 2 11732684 512 61 26
8 2 11732684 512 61 26
9 2 11732684 512 62 26
143 2 11732684 512 62 26
8 2 11732684 512 62 26
16 2 11732684 512 61 26
8 2 11732684 512 60 26
16 2 11732684 512 60 25
8 2 11732684 512 59 25
16 2 11732684 512 59 24
8 2 11732684 512 58 23
8 2 11732684 512 57 23
8 2 11732684 512 57 23
8 2 11732684 512 56 22
8 2 11732684 512 55 22
8 2 11732684 512 54 21
128 2 8720470 513 694 141
52 2 8720470 514 694 141
62 2 8720470 512 694 141
16 2 8720470 512 694 141
8 2 8720470 512 694 143
7 2 8720470 512 694 145
7 2 8720470 512 694 148
7 2 8720470 512 694 150
8 2 8720470 512 694 153
7 2 8720470 512 694 155
8 2 8720470 512 694 158
11 2 8720470 512 693 161
4 2 8720470 512 692 163
7 2 8720470 512 692 166
7 2 8720470 512 691 167
9 2 8720470 512 690 168
8 2 8720470 512 690 170
7 2 8720470 512 690 170
6 2 8720470 512 689 172
7 2 8720470 512 688 174
11 2 8720470 512 688 174
75 2 8720470 512 687 175
8 2 8720470 512 687 176
6 2 8720470 512 686 176
72 2 8720470 512 685 176
8 2 8720470 512 685 177
8 2 8720470 512 684 178
128 2 8720470 512 684 178
16 2 8720470 512 683 178
24 2 8720470 512 683 177
40 2 8720470 512 683 177
8 2 8720470 512 683 176
8 2 8720470 512 683 176
24 2 8720470 512 683 175
8 2 8720470 512 683 175
56 2 8720470 512 682 174
16 2 6426658 513 42 28
61 2 6426658 514 42 28
48 2 6426658 512 42 28
8 2 6426658 512 42 28
8 2 6426658 512 43 28
8 2 6426658 512 44 28
6 2 6426658 512 45 27
8 2 6426658 512 46 27
7 2 6426658 512 48 27
8 2 6426658 512 49 26
8 2 6426658 512 51 25
8 2 6426658 512 51 24
24 2 6426658 512 52 23
256 2 6426658 512 52 23
7 2 6426658 512 52 23
8 2 6426658 512 50 23
8 2 6426658 512 48 22
8 2 6426658 512 48 22
7 2 6426658 512 46 22
16 2 6426658 512 46 22
8 2 6426658 512 45 21
16 2 6426658 512 44 20
7 2 6426658 512 43 20
16 2 6426658 512 43 19
8 2 6426658 512 42 19
47 2 6426658 512 42 18
96 2 8720470 513 682 164
76 2 8720470 514 682 164
137 2 8720470 512 682 164
7 2 8720470 512 682 164
15 2 8720470 512 682 165
8 2 8720470 512 682 165
8 2 8720470 512 682 166
6 2 8720470 512 681 168
7 2 8720470 512 681 168
8 2 8720470 512 680 171
7 2 8720470 512 680 173
7 2 8720470 512 679 175
7 2 8720470 512 679 176
7 2 8720470 512 679 177
8 2 8720470 512 679 178
7 2 8720470 512 678 180
7 2 8720470 512 678 180
15 2 8720470 512 678 181
7 2 8720470 512 678 182
7 2 8720470 512 678 183
7 2 8720470 512 678 183
9 2 8720470 512 678 184
7 2 8720470 512 678 185
8 2 8720470 512 678 186
31 2 8720470 512 678 186
8 2 8720470 512 678 187
16 2 8720470 512 678 187
192 2 2168606 513 38 15
61 2 2168606 514 38 15
208 2 2168606 512 37 17
15 2 2168606 512 37 17
8 2 2168606 512 36 18
16 2 2168606 512 35 18
8 2 2168606 512 33 20
8 2 2168606 512 32 22
8 2 2168606 512 30 24
8 2 2168606 512 29 27
8 2 2168606 512 27 29
7 2 2168606 512 24 32
9 2 2168606 512 21 36
6 2 2168606 512 18 42
8 2 2168606 512 15 48
9 2 2168606 512 12 55
7 2 2168606 512 10 60
7 2 2168606 512 9 66
7 2 2168606 512 9 72
9 2 2168606 512 8 77
5 2 2168606 512 7 82
8 2 2168606 512 7 84
8 2 2168606 512 7 87
8 2 2168606 512 7 90
7 2 2168606 512 7 94
8 2 2168606 512 7 97
8 2 2168606 512 7 99
8 2 2168606 512 7 100
8 2 2168606 512 7 102
7 2 2168606 512 7 104
7 2 2168606 512 7 105
7 2 2168606 512 7 106
8 2 2168606 512 7 107
8 2 2168606 512 6 109
7 2 2168606 512 6 109
23 2 2168606 512 6 110
8 2 2168606 512 5 111
23 2 2168606 512 4 112
8 2 2168606 512 4 112
16 2 2168606 512 3 113
16 2 2168606 512 2 115
8 2 2168606 512 2 116
8 2 2168606 512 1 117
16 2 2168606 512 0 117
32 2 2168606 512 -1 118
8 2 2168606 512 -2 119
296 2 2168606 512 -3 118
24 2 2168606 512 -3 117
8 2 2168606 512 -4 116
8 2 2168606 512 -4 115
7 2 2168606 512 -5 115
8 2 2168606 512 -6 113
8 2 2168606 512 -6 113
9 2 2168606 512 -7 112
7 2 2168606 512 -7 111
48 2 2168606 512 -7 110
8 2 2168606 512 -7 110
31 2 2168606 512 -8 109
80 2 8720470 513 632 281
69 2 8720470 514 632 281
496 2 8720470 513 632 281
64 2 8720470 514 632 281
88 2 8720470 512 632 281
40 2 8720470 512 632 281
8 2 8720470 512 633 281
8 2 8720470 512 634 281
8 2 8720470 512 635 282
8 2 8720470 512 637 282
8 2 8720470 512 639 283
8 2 8720470 512 640 284
8 2 8720470 512 641 284
7 2 8720470 512 644 284
8 2 8720470 512 647 284
9 2 8720470 512 647 284
7 2 8720470 512 649 284
8 2 8720470 512 652 285
8 2 8720470 512 654 286
9 2 8720470 512 655 286
7 2 8720470 512 656 286
8 2 8720470 512 657 286
7 2 8720470 512 659 286
8 2 8720470 512 660 286
8 2 8720470 512 661 286
8 2 8720470 512 663 286
8 2 8720470 512 664 286
8 2 8720470 512 664 286
7 2 8720470 512 666 286
8 2 8720470 512 668 286
7 2 8720470 512 669 286
8 2 8720470 512 671 286
8 2 8720470 512 673 286
8 2 8720470 512 675 286
8 2 8720470 512 678 286
8 2 8720470 512 679 286
8 2 8720470 512 680 286
8 2 8720470 512 682 286
8 2 8720470 512 684 286
8 2 8720470 512 685 286
8 2 8720470 512 686 286
8 2 8720470 512 687 286
7 2 8720470 512 688 286
8 2 8720470 512 689 286
8 2 8720470 512 691 285
15 2 8720470 512 692 285
8 2 8720470 512 693 285
15 2 8720470 512 694 285
8 2 8720470 512 694 285
8 2 8720470 512 695 284
104 2 8720470 513 695 284
64 2 8720470 514 695 284
351 2 8720470 513 695 284
72 2 8720470 514 695 284
192 2 8720470 512 695 284
16 2 8720470 512 694 284
8 2 8720470 512 692 284
7 2 8720470 512 691 284
8 2 8720470 512 689 285
7 2 8720470 512 688 286
7 2 8720470 512 686 288
8 2 8720470 512 683 289
8 2 8720470 512 681 291
8 2 8720470 512 679 292
8 2 8720470 512 677 293
7 2 8720470 512 674 294
7 2 8720470 512 672 295
7 2 8720470 512 670 297
8 2 8720470 512 668 298
7 2 8720470 512 665 300
7 2 8720470 512 663 301
8 2 8720470 512 662 303
9 2 8720470 512 660 304
6 2 8720470 512 659 305
8 2 8720470 512 657 307
7 2 8720470 512 654 308
7 2 8720470 512 651 310
8 2 8720470 512 647 313
8 2 8720470 512 641 315
8 2 8720470 512 635 318
6 2 8720470 512 628 321
7 2 8720470 512 621 324
7 2 8720470 512 612 327
8 2 8720470 512 602 331
7 2 8720470 512 593 336
8 2 8720470 512 582 341
6 2 8720470 512 569 347
8 2 8720470 512 557 352
8 2 8720470 512 543 358
9 2 8720470 512 525 365
7 2 8720470 512 508 372
8 2 8720470 512 491 378
8 2 8720470 512 474 385
8 2 8720470 512 456 393
7 2 8720470 512 439 400
8 2 8720470 512 424 406
7 2 8720470 512 410 410
8 2 8720470 512 395 417
6 2 8720470 512 381 421
8 2 8720470 512 368 424
8 2 8720470 512 355 427
8 2 8720470 512 346 429
8 2 8720470 512 335 431
8 2 8720470 512 325 433
8 2 8720470 512 316 435
8 2 8720470 512 306 438
7 2 8720470 512 295 440
7 2 8720470 512 286 441
8 2 8720470 512 277 442
8 2 8720470 512 270 442
8 2 8720470 512 263 442
7 2 8720470 512 259 442
8 2 8720470 512 255 442
8 2 8720470 512 253 442
8 2 8720470 512 251 442
8 2 8720470 512 251 442
7 2 8720470 512 250 442
7 2 8720470 512 248 442
8 2 8720470 512 246 442
7 2 8720470 512 244 442
8 2 8720470 512 240 442
8 2 8720470 512 236 442
8 2 8720470 512 229 442
7 2 8720470 512 223 442
8 2 8720470 512 216 442
8 2 8720470 512 209 442
8 2 8720470 512 201 442
7 2 8720470 512 194 442
8 2 8720470 512 188 442
7 2 8720470 512 181 442
8 2 8720470 512 174 442
8 2 8720470 512 167 442
8 2 8720470 512 159 443
7 2 8720470 512 152 444
8 2 8720470 512 144 446
8 2 8720470 512 138 447
8 2 8720470 512 134 447
7 2 8720470 512 130 447
7 2 8720470 512 125 448
8 2 8720470 512 123 448
8 2 8720470 512 119 449
8 2 8720470 512 118 449
8 2 8720470 512 117 450
7 2 8720470 512 116 450
7 2 8720470 512 116 451
7 2 8720470 512 116 452
7 2 8720470 512 116 452
8 2 8720470 512 116 453
7 2 8720470 512 116 456
8 2 8720470 512 116 458
8 2 8720470 512 116 460
7 2 8720470 512 116 462
7 2 8720470 512 116 464
8 2 8720470 512 116 465
8 2 8720470 512 116 467
8 2 8720470 512 116 468
8 2 8720470 512 116 470
8 2 8720470 512 116 472
8 2 8720470 512 116 474
8 2 8720470 512 116 477
8 2 8720470 512 116 478
8 2 8720470 512 117 479
8 2 8720470 512 117 481
8 2 8720470 512 117 481
8 2 8720470 512 118 482
8 2 8720470 512 119 483
8 2 8720470 512 120 484
8 2 8720470 512 120 485
7 2 8720470 512 122 486
8 2 8720470 512 123 488
8 2 8720470 512 125 489
8 2 8720470 512 126 490
7 2 8720470 512 127 491
72 2 8720470 512 127 491
8 2 8720470 512 128 491
40 2 8720470 512 128 491
16 2 8720470 512 130 491
8 2 8720470 512 131 491
8 2 8720470 512 131 491
8 2 8720470 512 133 491
8 2 8720470 512 134 491
8 2 8720470 512 136 491
24 2 8720470 512 137 491
8 2 8720470 512 137 491
8 2 8720470 512 138 490
16 2 8720470 512 138 490
23 2 8720470 512 139 489
8 2 8720470 512 140 489
8 2 8720470 512 140 488
16 2 8720470 512 141 487
32 2 8720470 512 141 487
70 2 8720470 512 141 486
8 2 8720470 512 141 485
7 2 8720470 512 140 484
8 2 8720470 512 138 483
8 2 8720470 512 134 480
7 2 8720470 512 132 477
8 2 8720470 512 129 474
8 2 8720470 512 128 471
7 2 8720470 512 126 468
8 2 8720470 512 125 466
7 2 8720470 512 124 463
8 2 8720470 512 124 462
8 2 8720470 512 123 460
8 2 8720470 512 123 458
8 2 8720470 512 123 457
7 2 8720470 512 123 456
8 2 8720470 512 123 454
8 2 8720470 512 123 452
8 2 8720470 512 123 451
8 2 8720470 512 123 450
7 2 8720470 512 123 448
8 2 8720470 512 123 447
8 2 8720470 512 123 447
32 2 8720470 512 123 446
32 2 8720470 512 124 445
7 2 8720470 512 124 445
7 2 8720470 512 126 444
8 2 8720470 512 127 443
9 2 8720470 512 129 441
7 2 8720470 512 132 440
8 2 8720470 512 133 439
6 2 8720470 512 134 438
7 2 8720470 512 135 437
7 2 8720470 512 136 436
8 2 8720470 512 137 435
6 2 8720470 512 138 434
8 2 8720470 512 139 433
7 2 8720470 512 140 431
8 2 8720470 512 141 430
8 2 8720470 512 143 428
8 2 8720470 512 145 425
7 2 8720470 512 146 423
8 2 8720470 512 147 421
6 2 8720470 512 149 420
8 2 8720470 512 150 417
6 2 8720470 512 152 416
7 2 8720470 512 153 414
7 2 8720470 512 154 414
8 2 8720470 512 155 413
6 2 8720470 512 156 412
7 2 8720470 512 156 411
16 2 8720470 512 157 409
7 2 8720470 512 158 408
48 2 8720470 512 158 407
16 2 8720470 512 158 407
6 2 8720470 512 159 406
8 2 8720470 512 159 405
15 2 8720470 512 160 404
48 2 8720470 513 160 404
71 2 8720470 514 160 404
24 2 8720470 512 161 404
6 2 8720470 512 162 404
8 2 8720470 512 163 404
7 2 8720470 512 165 404
7 2 8720470 512 167 404
8 2 8720470 512 170 403
8 2 8720470 512 173 402
8 2 8720470 512 176 402
8 2 8720470 512 178 402
8 2 8720470 512 182 401
8 2 8720470 512 185 400
7 2 8720470 512 188 399
8 2 8720470 512 189 399
8 2 8720470 512 190 399
8 2 8720470 512 190 399
8 2 8720470 512 191 399
80 2 8720470 512 192 399
31 2 8720470 512 192 398
469 1 4329238 13
351 1 4329238 13
274 1 4329238 160
86 1 4329238 72
275 1 4329238 69
147 1 4329238 76
99 1 4329238 76
156 1 4329238 79
175 1 4329238 32
145 1 4329238 160
67 1 4329238 87
89 1 4329238 79
407 1 4329238 82
14 1 4329238 76
255 1 4329238 68
380 1 4329238 160
202 1 4329238 49
420 1 4329238 13
226 1 4329238 13
413 1 4329238 13
74 1 4329238 13
96 1 4329238 13
67 1 4329238 13
249 1 4329238 13
534 2 8720470 512 191 398
8 2 8720470 512 191 398
7 2 8720470 512 190 398
24 2 8720470 512 190 398
7 2 8720470 512 188 398
8 2 8720470 512 187 398
8 2 8720470 512 186 399
8 2 8720470 512 184 400
7 2 8720470 512 184 400
8 2 8720470 512 184 401
8 2 8720470 512 184 402
8 2 8720470 512 184 404
8 2 8720470 512 184 406
8 2 8720470 512 185 408
7 2 8720470 512 185 410
8 2 8720470 512 185 415
8 2 8720470 512 183 420
8 2 8720470 512 180 426
8 2 8720470 512 176 432
8 2 8720470 512 172 439
8 2 8720470 512 168 446
8 2 8720470 512 165 452
8 2 8720470 512 163 456
8 2 8720470 512 162 459
7 2 8720470 512 161 459
6 2 8720470 512 161 460
64 2 8720470 512 161 460
8 2 8720470 512 160 459
24 2 8720470 512 160 459
8 2 8720470 512 160 457
8 2 8720470 512 160 456
8 2 8720470 512 160 455
7 2 8720470 512 159 453
8 2 8720470 512 159 452
7 2 8720470 512 158 451
8 2 8720470 512 157 450
8 2 8720470 512 157 449
8 2 8720470 512 156 447
8 2 8720470 512 155 444
8 2 8720470 512 154 441
6 2 8720470 512 153 438
7 2 8720470 512 152 436
8 2 8720470 512 151 434
8 2 8720470 512 150 431
8 2 8720470 512 149 430
8 2 8720470 512 148 428
7 2 8720470 512 148 427
8 2 8720470 512 148 426
7 2 8720470 512 147 424
15 2 8720470 512 147 423
7 2 8720470 512 147 422
8 2 8720470 512 146 421
64 2 4329238 522 120
32 2 4329238 522 120
16 2 4329238 522 120
15 2 4329238 522 120
23 2 4329238 522 120
32 2 4329238 522 120
592 1 4329238 162
132 1 4329238 65
40 2 8720470 512 146 421
8 2 8720470 512 145 421
8 2 8720470 512 145 421
548 1 4329238 8
756 2 8720470 512 144 421
40 2 8720470 512 144 421
7 2 8720470 512 144 422
8 2 8720470 512 144 422
7 2 8720470 512 144 424
8 2 8720470 512 145 426
6 2 8720470 512 145 429
8 2 8720470 512 146 432
8 2 8720470 512 147 436
8 2 8720470 512 148 438
6 2 8720470 512 148 438
8 2 8720470 512 148 440
8 2 8720470 512 148 440
16 2 8720470 512 148 441
16 2 8720470 512 148 441
24 2 8720470 512 149 441
7 2 8720470 512 149 442
96 2 8720470 512 149 443
15 2 8720470 512 147 444
8 2 8720470 512 145 445
8 2 8720470 512 141 445
8 2 8720470 512 137 446
8 2 8720470 512 130 447
8 2 8720470 512 124 449
8 2 8720470 512 119 450
8 2 8720470 512 113 452
8 2 8720470 512 108 454
8 2 8720470 512 105 456
8 2 8720470 512 102 458
8 2 8720470 512 98 459
8 2 8720470 512 96 460
7 2 8720470 512 95 460
7 2 8720470 512 94 460
8 2 8720470 512 92 462
8 2 8720470 512 91 462
8 2 8720470 512 90 463
8 2 8720470 512 88 464
8 2 8720470 512 88 464
32 2 8720470 512 87 465
16 2 8720470 512 87 466
8 2 8720470 512 86 467
16 2 8720470 512 86 467
8 2 8720470 512 85 468
72 2 8720470 512 85 468
16 2 8720470 512 84 469
15 2 8720470 512 82 470
8 2 8720470 512 82 470
23 2 8720470 512 81 470
32 2 8720470 512 80 470
16 2 8720470 512 79 471
9 2 8720470 512 79 471
6 2 8720470 512 78 471
8 2 8720470 512 77 471
8 2 8720470 512 76 472
56 2 8720470 512 75 472
15 2 8720470 512 74 472
8 2 8720470 512 73 472
16 2 8720470 512 72 473
8 2 8720470 512 71 473
8 2 8720470 512 71 473
8 2 8720470 512 70 474
7 2 8720470 512 69 474
7 2 8720470 512 68 474
40 2 8720470 512 68 474
24 2 8720470 512 67 475
40 2 8720470 512 67 475
96 2 8720470 513 67 475
54 2 8720470 514 67 475
1745 2 8720470 512 66 476
7 2 8720470 512 67 478
8 2 8720470 512 73 480
7 2 8720470 512 83 483
8 2 8720470 512 93 485
8 2 8720470 512 104 487
8 2 8720470 512 116 488
6 2 8720470 512 128 489
7 2 8720470 512 139 489
8 2 8720470 512 148 489
8 2 8720470 512 159 488
8 2 8720470 512 167 486
8 2 8720470 512 177 484
8 2 8720470 512 184 481
6 2 8720470 512 193 478
8 2 8720470 512 200 472
7 2 8720470 512 207 466
8 2 8720470 512 214 457
7 2 8720470 512 219 447
7 2 8720470 512 225 436
6 2 8720470 512 228 423
8 2 8720470 512 232 407
8 2 8720470 512 235 391
8 2 8720470 512 239 373
8 2 8720470 512 243 354
8 2 8720470 512 247 336
7 2 8720470 512 252 315
8 2 8720470 512 256 296
8 2 8720470 512 260 278
8 2 8720470 512 265 258
7 2 8720470 512 270 242
8 2 8720470 512 275 228
8 2 8720470 512 279 217
8 2 8720470 512 283 208
8 2 8720470 512 286 203
8 2 8720470 512 288 202
8 2 8720470 512 289 201
8 2 8720470 512 291 201
8 2 8720470 512 295 202
8 2 8720470 512 300 206
8 2 8720470 512 305 212
8 2 8720470 512 312 221
8 2 8720470 512 318 231
8 2 8720470 512 325 242
8 2 8720470 512 332 253
7 2 8720470 512 339 264
8 2 8720470 512 343 274
9 2 8720470 512 347 281
6 2 8720470 512 350 288
8 2 8720470 512 352 293
7 2 8720470 512 354 297
8 2 8720470 512 355 302
8 2 8720470 512 355 306
8 2 8720470 512 355 309
7 2 8720470 512 355 314
7 2 8720470 512 355 319
8 2 8720470 512 355 325
8 2 8720470 512 355 332
8 2 8720470 512 355 338
8 2 8720470 512 355 342
8 2 8720470 512 355 347
8 2 8720470 512 356 352
7 2 8720470 512 357 357
8 2 8720470 512 359 360
8 2 8720470 512 363 363
8 2 8720470 512 367 368
8 2 8720470 512 371 372
7 2 8720470 512 376 375
8 2 8720470 512 380 378
8 2 8720470 512 384 378
8 2 8720470 512 387 379
8 2 8720470 512 388 379
8 2 8720470 512 390 379
7 2 8720470 512 391 379
8 2 8720470 512 393 379
7 2 8720470 512 395 379
8 2 8720470 512 397 379
8 2 8720470 512 400 379
8 2 8720470 512 402 379
8 2 8720470 512 403 379
8 2 8720470 512 404 379
8 2 8720470 512 406 378
8 2 8720470 512 407 378
8 2 8720470 512 408 378
8 2 8720470 512 408 378
48 2 8720470 512 409 378
8 2 8720470 512 410 378
8 2 8720470 512 410 378
7 2 8720470 512 411 378
8 2 8720470 512 411 378
7 2 8720470 512 412 378
8 2 8720470 512 413 378
9 2 8720470 512 414 378
7 2 8720470 512 416 378
8 2 8720470 512 417 378
8 2 8720470 512 418 378
8 2 8720470 512 419 378
7 2 8720470 512 422 377
8 2 8720470 512 423 377
7 2 8720470 512 424 377
9 2 8720470 512 425 377
7 2 8720470 512 425 377
8 2 8720470 512 426 377
32 2 8720470 512 427 377
8 2 8720470 512 427 377
15 2 8720470 512 428 376
16 2 8720470 512 429 375
8 2 8720470 512 429 375
16 2 8720470 512 431 374
16 2 8720470 512 431 374
8 2 8720470 512 433 373
8 2 8720470 512 433 373
16 2 8720470 512 434 372
16 2 8720470 512 434 371
8 2 8720470 512 435 370
16 2 8720470 512 436 368
15 2 8720470 512 436 368
97 6 8720470 513 91 128
51 6 8720470 514 91 128
121 2 8720470 512 858994165 858993921
7 2 8720470 512 858994165 858993921
8 2 8720470 512 858994163 858993921
8 2 8720470 512 858994161 858993921
8 2 8720470 512 858994158 858993921
8 2 8720470 512 858994154 858993921
10 2 8720470 512 858994146 858993920
5 2 8720470 512 858994139 858993919
8 2 8720470 512 858994132 858993918
8 2 8720470 512 858994125 858993916
8 2 8720470 512 858994117 858993915
8 2 8720470 512 858994109 858993913
8 2 8720470 512 858994099 858993911
8 2 8720470 512 858994090 858993909
7 2 8720470 512 858994080 858993907
8 2 8720470 512 858994071 858993906
8 2 8720470 512 858994062 858993904
8 2 8720470 512 858994054 858993902
6 2 8720470 512 858994045 858993899
8 2 8720470 512 858994036 858993897
6 2 8720470 512 858994029 858993896
8 2 8720470 512 858994022 858993894
8 2 8720470 512 858994018 858993894
8 2 8720470 512 858994015 858993893
7 2 8720470 512 858994013 858993892
8 2 8720470 512 858994010 858993890
8 2 8720470 512 858994006 858993889
7 2 8720470 512 858994003 858993887
7 2 8720470 512 858993999 858993885
8 2 8720470 512 858993995 858993881
7 2 8720470 512 858993990 858993877
8 2 8720470 512 858993985 858993873
6 2 8720470 512 858993979 858993869
8 2 8720470 512 858993973 858993864
7 2 8720470 512 858993967 858993860
7 2 8720470 512 858993961 858993855
8 2 8720470 512 858993955 858993851
7 2 8720470 512 858993950 858993847
7 2 8720470 512 858993945 858993844
7 2 8720470 512 858993943 858993842
7 2 8720470 512 858993941 858993840
7 2 8720470 512 858993940 858993837
7 2 8720470 512 858993938 858993835
7 2 8720470 512 858993937 858993832
8 2 8720470 512 858993934 858993828
7 2 8720470 512 858993933 858993825
8 2 8720470 512 858993931 858993823
8 2 8720470 512 858993930 858993821
8 2 8720470 512 858993930 858993821
72 2 8720470 512 858993929 858993821
7 2 8720470 512 858993929 858993822
8 2 8720470 512 858993927 858993823
8 2 8720470 512 858993926 858993826
8 2 8720470 512 858993923 858993831
8 2 8720470 512 858993920 858993838
8 2 8720470 512 858993917 858993845
8 2 8720470 512 858993914 858993854
7 2 8720470 512 858993911 858993862
8 2 8720470 512 858993909 858993872
7 2 8720470 512 858993906 858993880
8 2 8720470 512 858993903 858993890
8 2 8720470 512 858993899 858993899
8 2 8720470 512 858993896 858993908
8 2 8720470 512 858993892 858993916
8 2 8720470 512 858993889 858993925
8 2 8720470 512 858993886 858993933
8 2 8720470 512 858993884 858993941
8 2 8720470 512 858993881 858993948
6 2 8720470 512 858993879 858993957
7 2 8720470 512 858993877 858993964
8 2 8720470 512 858993875 858993971
6 2 8720470 512 858993874 858993976
8 2 8720470 512 858993872 858993983
7 2 8720470 512 858993871 858993990
8 2 8720470 512 858993869 858993996
8 2 8720470 512 858993868 858994002
8 2 8720470 512 858993867 858994007
8 2 8720470 512 858993866 858994012
8 2 8720470 512 858993865 858994016
8 2 8720470 512 858993865 858994019
8 2 8720470 512 858993865 858994022
8 2 8720470 512 858993863 858994027
8 2 8720470 512 858993861 858994032
8 2 8720470 512 858993858 858994036
8 2 8720470 512 858993854 858994042
8 2 8720470 512 858993848 858994049
7 2 8720470 512 858993842 858994055
8 2 8720470 512 858993834 858994060
7 2 8720470 512 858993827 858994065
8 2 8720470 512 858993820 858994070
7 2 8720470 512 858993815 858994072
8 2 8720470 512 858993812 858994074
7 2 8720470 512 858993811 858994075
8 2 8720470 512 858993809 858994076
6 2 8720470 512 858993809 858994077
8 2 8720470 512 858993808 858994077
8 2 8720470 512 858993807 858994078
16 2 8720470 512 858993807 858994079
16 2 8720470 512 858993806 858994079
16 2 8720470 512 858993806 858994079
8 2 8720470 512 858993805 858994079
8 2 8720470 512 858993804 858994080
16 2 8720470 512 858993803 858994080
24 2 8720470 512 858993803 858994080
8 2 8720470 512 858993801 858994081
16 2 8720470 512 858993801 858994081
24 2 8720470 512 858993800 858994081
8 2 8720470 512 858993800 858994081
8 2 8720470 512 858993798 858994081
8 2 8720470 512 858993798 858994081
8 2 8720470 512 858993797 858994080
8 2 8720470 512 858993797 858994079
8 2 8720470 512 858993796 858994078
8 2 8720470 512 858993795 858994076
8 2 8720470 512 858993795 858994075
16 2 8720470 512 858993795 858994074
16 2 8720470 512 858993795 858994073
8 2 8720470 512 858993795 858994072
8 2 8720470 512 858993795 858994072
8 2 8720470 512 858993795 858994071
8 2 8720470 512 858993795 858994071
16 2 8720470 512 858993795 858994070
7 2 8720470 512 858993795 858994070
7 2 8720470 512 858993795 858994068
8 2 8720470 512 858993795 858994068
16 2 8720470 512 858993795 858994067
39 2 8720470 512 858993795 858994067
8 2 8720470 512 858993795 858994066
152 2 8720470 513 66 512
72 2 8720470 514 66 512
384 2 8720470 512 66 512
15 2 8720470 512 66 511
8 2 8720470 512 66 510
8 2 8720470 512 66 510
168 2 8720470 513 66 510
74 2 8720470 514 66 510
197 2 8720470 512 66 509
7 2 8720470 512 66 509
8 2 8720470 512 68 509
7 2 8720470 512 72 509
8 2 8720470 512 78 509
8 2 8720470 512 88 509
8 2 8720470 512 101 508
8 2 8720470 512 118 504
7 2 8720470 512 139 500
8 2 8720470 512 164 494
8 2 8720470 512 188 486
7 2 8720470 512 214 477
7 2 8720470 512 239 466
7 2 8720470 512 265 453
8 2 8720470 512 287 439
7 2 8720470 512 304 426
8 2 8720470 512 314 417
8 2 8720470 512 320 410
7 2 8720470 512 323 403
8 2 8720470 512 324 398
7 2 8720470 512 324 395
8 2 8720470 512 324 389
7 2 8720470 512 322 386
8 2 8720470 512 318 383
7 2 8720470 512 317 382
7 2 8720470 512 315 381
7 2 8720470 512 314 380
8 2 8720470 512 314 380
38 2 8720470 512 314 380
8 2 8720470 512 314 382
8 2 8720470 512 314 385
8 2 8720470 512 315 387
7 2 8720470 512 318 392
8 2 8720470 512 322 395
7 2 8720470 512 328 398
8 2 8720470 512 333 401
8 2 8720470 512 341 404
8 2 8720470 512 349 406
8 2 8720470 512 358 408
8 2 8720470 512 369 412
8 2 8720470 512 381 413
8 2 8720470 512 396 415
8 2 8720470 512 410 416
8 2 8720470 512 424 417
8 2 8720470 512 441 418
8 2 8720470 512 455 418
8 2 8720470 512 472 418
8 2 8720470 512 485 418
8 2 8720470 512 499 418
8 2 8720470 512 510 417
8 2 8720470 512 518 416
8 2 8720470 512 525 414
8 2 8720470 512 531 412
7 2 8720470 512 535 410
8 2 8720470 512 538 407
8 2 8720470 512 540 405
8 2 8720470 512 543 402
7 2 8720470 512 546 400
8 2 8720470 512 550 397
8 2 8720470 512 554 394
8 2 8720470 512 559 393
7 2 8720470 512 565 391
8 2 8720470 512 570 390
8 2 8720470 512 580 389
8 2 8720470 512 588 389
8 2 8720470 512 598 389
8 2 8720470 512 609 389
8 2 8720470 512 620 389
8 2 8720470 512 630 389
6 2 8720470 512 634 389
8 2 8720470 512 640 390
7 2 8720470 512 643 391
8 2 8720470 512 645 391
8 2 8720470 512 646 391
8 2 8720470 512 647 392
8 2 8720470 512 649 393
8 2 8720470 512 650 393
8 2 8720470 512 650 394
9 2 8720470 512 652 394
6 2 8720470 512 653 396
8 2 8720470 512 655 397
8 2 8720470 512 656 397
15 2 8720470 512 657 399
16 2 8720470 512 659 399
8 2 8720470 512 659 400
8 2 8720470 512 660 401
8 2 8720470 512 661 403
8 2 8720470 512 661 406
9 2 8720470 512 661 408
7 2 8720470 512 661 411
8 2 8720470 512 661 413
8 2 8720470 512 661 415
9 2 8720470 512 661 416
7 2 8720470 512 661 419
7 2 8720470 512 660 422
8 2 8720470 512 658 425
8 2 8720470 512 655 428
8 2 8720470 512 649 433
8 2 8720470 512 640 439
8 2 8720470 512 630 445
7 2 8720470 512 620 452
8 2 8720470 512 609 459
8 2 8720470 512 599 463
7 2 8720470 512 590 467
8 2 8720470 512 581 469
8 2 8720470 512 574 471
8 2 8720470 512 570 472
7 2 8720470 512 567 472
8 2 8720470 512 564 472
8 2 8720470 512 562 472
8 2 8720470 512 560 472
8 2 8720470 512 558 472
8 2 8720470 512 558 472
8 2 8720470 512 557 472
8 2 8720470 512 556 472
8 2 8720470 512 555 472
8 2 8720470 512 554 472
16 2 8720470 512 554 472
16 2 8720470 512 552 471
24 2 8720470 512 552 471
56 2 8720470 512 551 471
16 2 8720470 512 551 471
8 2 8720470 512 550 471
8 2 8720470 512 549 471
16 2 8720470 512 548 471
15 2 8720470 512 546 473
8 2 8720470 512 545 473
8 2 8720470 512 543 474
9 2 8720470 512 542 475
7 2 8720470 512 540 476
7 2 8720470 512 539 477
9 2 8720470 512 538 478
7 2 8720470 512 537 479
8 2 8720470 512 537 479
7 2 8720470 512 536 480
8 2 8720470 512 535 480
56 2 8720470 513 535 480
56 2 8720470 514 535 480
62 2 8720470 512 535 480
4 2 8720470 512 536 480
2 2 8720470 512 537 480
8 2 8720470 512 537 479
8 2 8720470 512 538 477
7 2 8720470 512 538 475
8 2 8720470 512 538 472
7 2 8720470 512 538 469
8 2 8720470 512 538 465
7 2 8720470 512 536 459
9 2 8720470 512 534 453
7 2 8720470 512 530 445
7 2 8720470 512 524 436
8 2 8720470 512 516 426
21 2 8720470 512 507 417
6 2 8720470 512 487 400
4 2 8720470 512 476 393
6 2 8720470 512 466 386
7 2 8720470 512 456 382
8 2 8720470 512 448 377
18 2 8720470 512 441 374
3 2 8720470 512 435 372
1 2 8720470 512 429 371
7 2 8720470 512 425 370
21 2 8720470 512 422 369
4 2 8720470 512 419 368
6 2 8720470 512 418 368
20 2 8720470 512 418 368
1387 2 8720470 512 417 367
8 2 8720470 512 417 366
7 2 8720470 512 416 366
7 2 8720470 512 415 365
8 2 8720470 512 414 362
8 2 8720470 512 411 359
8 2 8720470 512 407 353
8 2 8720470 512 403 346
7 2 8720470 512 398 338
8 2 8720470 512 392 331
8 2 8720470 512 384 322
8 2 8720470 512 377 312
7 2 8720470 512 370 304
8 2 8720470 512 363 295
6 2 8720470 512 358 288
8 2 8720470 512 353 281
6 2 8720470 512 349 277
8 2 8720470 512 347 273
6 2 8720470 512 346 270
8 2 8720470 512 344 267
6 2 8720470 512 342 263
7 2 8720470 512 340 259
7 2 8720470 512 338 254
8 2 8720470 512 335 250
8 2 8720470 512 332 245
8 2 8720470 512 330 240
6 2 8720470 512 329 236
7 2 8720470 512 328 231
7 2 8720470 512 326 229
8 2 8720470 512 325 227
8 2 8720470 512 324 225
8 2 8720470 512 323 223
7 2 8720470 512 321 222
8 2 8720470 512 320 221
7 2 8720470 512 318 219
8 2 8720470 512 317 217
8 2 8720470 512 315 215
8 2 8720470 512 312 214
7 2 8720470 512 310 212
8 2 8720470 512 307 211
8 2 8720470 512 304 210
8 2 8720470 512 301 209
7 2 8720470 512 298 208
8 2 8720470 512 296 208
6 2 8720470 512 295 208
4 2 8720470 512 293 208
8 2 8720470 512 291 208
8 2 8720470 512 290 208
8 2 8720470 512 288 208
8 2 8720470 512 286 208
7 2 8720470 512 284 208
7 2 8720470 512 280 208
8 2 8720470 512 277 208
8 2 8720470 512 272 210
7 2 8720470 512 266 213
8 2 8720470 512 260 216
8 2 8720470 512 254 219
7 2 8720470 512 248 223
8 2 8720470 512 241 228
8 2 8720470 512 234 235
8 2 8720470 512 225 241
7 2 8720470 512 216 248
8 2 8720470 512 209 253
7 2 8720470 512 200 258
8 2 8720470 512 190 264
8 2 8720470 512 180 270
7 2 8720470 512 172 276
8 2 8720470 512 162 281
8 2 8720470 512 155 285
7 2 8720470 512 147 291
8 2 8720470 512 140 295
7 2 8720470 512 134 297
8 2 8720470 512 130 298
7 2 8720470 512 127 300
8 2 8720470 512 124 302
8 2 8720470 512 122 302
7 2 8720470 512 120 303
16 2 8720470 512 119 303
8 2 8720470 512 117 304
8 2 8720470 512 117 304
7 2 8720470 512 116 305
16 2 8720470 512 115 305
8 2 8720470 512 115 305
7 2 8720470 512 113 306
7 2 8720470 512 112 307
8 2 8720470 512 111 307
7 2 8720470 512 110 308
200 6 8720470 522 -120
52 6 8720470 522 -120
48 6 8720470 522 -120
32 6 8720470 522 -120
24 6 8720470 522 -120
136 6 8720470 522 -120
335 6 8720470 522 120
16 6 8720470 522 120
16 6 8720470 522 120
16 6 8720470 522 120
40 6 8720470 522 120
272 6 8720470 522 120
23 6 8720470 522 120
16 6 8720470 522 120
23 6 8720470 522 120
88 2 8720470 512 109 308
16 2 8720470 512 109 306
8 2 8720470 512 108 304
8 2 8720470 512 107 301
8 2 8720470 512 107 298
8 2 8720470 512 107 295
9 2 8720470 512 106 291
6 2 8720470 512 105 288
8 2 8720470 512 104 284
7 2 8720470 512 103 279
8 2 8720470 512 102 275
7 2 8720470 512 100 269
8 2 8720470 512 100 264
7 2 8720470 512 99 258
8 2 8720470 512 98 252
7 2 8720470 512 96 247
9 2 8720470 512 93 239
7 2 8720470 512 92 234
8 2 8720470 512 91 229
8 2 8720470 512 90 225
8 2 8720470 512 89 223
8 2 8720470 512 89 221
8 2 8720470 512 89 220
7 2 8720470 512 89 219
8 2 8720470 512 88 218
7 2 8720470 512 88 217
8 2 8720470 512 88 216
6 2 8720470 512 88 215
7 2 8720470 512 87 214
8 2 8720470 512 86 212
16 2 8720470 512 86 211
8 2 8720470 512 86 210
8 2 8720470 512 86 209
8 2 8720470 512 86 207
8 2 8720470 512 86 207
8 2 8720470 512 86 206
8 2 8720470 512 86 205
8 2 8720470 512 86 204
8 2 8720470 512 86 203
8 2 8720470 512 86 203
88 6 8720470 522 120
23 6 8720470 522 120
16 6 8720470 522 120
16 6 8720470 522 120
256 2 8720470 512 86 203
14 2 8720470 512 87 203
96 2 8720470 512 87 201
8 2 8720470 512 87 200
8 2 8720470 512 88 197
8 2 8720470 512 89 194
7 2 8720470 512 89 193
8 2 8720470 512 89 190
8 2 8720470 512 89 187
7 2 8720470 512 89 185
8 2 8720470 512 89 182
8 2 8720470 512 89 180
8 2 8720470 512 89 178
8 2 8720470 512 89 177
8 2 8720470 512 89 175
8 2 8720470 512 89 175
8 2 8720470 512 89 174
8 2 8720470 512 89 174
168 2 8720470 512 89 173
8 2 8720470 512 89 173
6 2 8720470 512 89 171
8 2 8720470 512 89 170
8 2 8720470 512 89 169
8 2 8720470 512 89 168
8 2 8720470 512 89 167
8 2 8720470 512 89 166
8 2 8720470 512 89 165
8 2 8720470 512 89 165
71 2 8720470 512 89 164
32 2 8720470 512 89 163
8 2 8720470 512 89 163
233 6 8720470 513 89 163
70 6 8720470 514 89 163
152 2 8720470 512 89 162
23 2 8720470 512 89 162
7 2 8720470 512 90 164
8 2 8720470 512 91 165
8 2 8720470 512 91 167
6 2 8720470 512 92 170
8 2 8720470 512 93 172
7 2 8720470 512 94 175
8 2 8720470 512 94 178
8 2 8720470 512 95 182
8 2 8720470 512 95 184
8 2 8720470 512 96 189
7 2 8720470 512 96 191
7 2 8720470 512 96 194
9 2 8720470 512 96 196
6 2 8720470 512 96 198
29 2 8720470 512 96 202
1 2 8720470 512 96 203
8 2 8720470 512 96 204
8 2 8720470 512 96 205
8 2 8720470 512 96 205
6 2 8720470 512 96 207
8 2 8720470 512 96 207
7 2 8720470 512 96 208
7 2 8720470 512 96 210
7 2 8720470 512 96 212
7 2 8720470 512 96 214
7 2 8720470 512 96 215
7 2 8720470 512 96 217
8 2 8720470 512 96 217
8 2 8720470 512 96 218
10 2 8720470 512 96 219
3 2 8720470 512 96 219
7 2 8720470 512 96 220
8 2 8720470 512 96 221
8 2 8720470 512 96 221
8 2 8720470 512 96 222
8 2 8720470 512 96 224
8 2 8720470 512 97 226
8 2 8720470 512 97 227
7 2 8720470 512 97 228
8 2 8720470 512 97 229
7 2 8720470 512 97 230
8 2 8720470 512 97 231
23 2 8720470 512 97 231
8 2 8720470 512 97 232
16 2 8720470 512 97 233
367 6 8720470 513 97 233
72 6 8720470 514 97 233
99 2 8720470 512 97 233
4 2 8720470 512 97 236
6 2 8720470 512 97 239
8 2 8720470 512 98 244
8 2 8720470 512 98 247
8 2 8720470 512 98 251
9 2 8720470 512 98 255
7 2 8720470 512 98 259
6 2 8720470 512 98 262
8 2 8720470 512 98 263
5 2 8720470 512 98 264
8 2 8720470 512 98 265
7 2 8720470 512 98 265
23 2 8720470 512 98 266
16 2 8720470 512 98 267
6 2 8720470 512 98 267
8 2 8720470 512 98 268
56 6 8720470 522 120
632 2 8720470 512 98 268
8 2 8720470 512 99 270
8 2 8720470 512 100 271
16 2 8720470 512 100 272
7 2 8720470 512 100 273
8 2 8720470 512 100 277
6 2 8720470 512 100 278
7 2 8720470 512 100 280
8 2 8720470 512 101 282
8 2 8720470 512 102 284
8 2 8720470 512 102 285
8 2 8720470 512 102 287
8 2 8720470 512 102 288
7 2 8720470 512 102 289
8 2 8720470 512 102 289
8 2 8720470 512 102 291
8 2 8720470 512 102 291
8 2 8720470 512 102 292
16 2 8720470 512 102 292
8 2 8720470 512 102 293
7 2 8720470 512 102 294
7 2 8720470 512 102 295
8 2 8720470 512 102 296
8 2 8720470 512 102 297
7 2 8720470 512 102 299
8 2 8720470 512 102 301
7 2 8720470 512 102 302
8 2 8720470 512 102 302
8 2 8720470 512 102 303
360 6 8720470 513 102 303
56 6 8720470 514 102 303
103 2 8720470 512 104 304
7 2 8720470 512 105 304
8 2 8720470 512 108 304
7 2 8720470 512 112 303
7 2 8720470 512 118 302
10 2 8720470 512 125 300
23 2 8720470 512 132 298
7 2 8720470 512 166 282
5 2 8720470 512 173 276
8 2 8720470 512 178 271
7 2 8720470 512 182 266
8 2 8720470 512 184 263
7 2 8720470 512 185 261
8 2 8720470 512 185 261
7 2 8720470 512 186 259
16 2 8720470 512 186 259
24 2 8720470 512 186 258
15 2 8720470 512 186 258
7 2 8720470 512 185 258
8 2 8720470 512 183 258
7 2 8720470 512 181 258
9 2 8720470 512 178 258
7 2 8720470 512 175 258
7 2 8720470 512 174 258
7 2 8720470 512 172 258
8 2 8720470 512 172 258
7 2 8720470 512 171 259
7 2 8720470 512 170 259
16 2 8720470 512 169 260
15 2 8720470 512 169 260
96 2 8720470 512 169 261
16 2 8720470 512 169 261
8 2 8720470 512 170 261
8 2 8720470 512 170 260
9 2 8720470 512 171 259
6 2 8720470 512 172 257
8 2 8720470 512 175 254
7 2 8720470 512 177 250
8 2 8720470 512 180 246
7 2 8720470 512 183 240
8 2 8720470 512 188 234
8 2 8720470 512 193 227
8 2 8720470 512 199 221
8 2 8720470 512 206 215
8 2 8720470 512 212 210
8 2 8720470 512 218 205
8 2 8720470 512 222 202
8 2 8720470 512 226 199
8 2 8720470 512 229 198
8 2 8720470 512 233 196
8 2 8720470 512 236 194
8 2 8720470 512 240 194
7 2 8720470 512 246 193
8 2 8720470 512 251 193
8 2 8720470 512 261 193
8 2 8720470 512 271 193
8 2 8720470 512 283 193
8 2 8720470 512 296 192
8 2 8720470 512 307 190
8 2 8720470 512 316 190
8 2 8720470 512 330 189
8 2 8720470 512 340 188
8 2 8720470 512 350 186
8 2 8720470 512 361 184
8 2 8720470 512 372 182
8 2 8720470 512 384 180
7 2 8720470 512 397 176
8 2 8720470 512 411 174
6 2 8720470 512 426 172
8 2 8720470 512 442 168
6 2 8720470 512 455 165
7 2 8720470 512 469 161
8 2 8720470 512 481 158
7 2 8720470 512 493 155
8 2 8720470 512 505 152
8 2 8720470 512 515 149
6 2 8720470 512 523 146
7 2 8720470 512 532 143
8 2 8720470 512 538 140
8 2 8720470 512 544 137
7 2 8720470 512 549 134
8 2 8720470 512 555 131
6 2 8720470 512 561 128
8 2 8720470 512 568 124
6 2 8720470 512 576 120
7 2 8720470 512 582 116
8 2 8720470 512 586 113
8 2 8720470 512 591 110
8 2 8720470 512 595 107
8 2 8720470 512 597 103
8 2 8720470 512 600 100
8 2 8720470 512 603 95
8 2 8720470 512 607 90
16 2 8720470 512 610 85
6 2 8720470 512 622 71
7 2 8720470 512 626 67
8 2 8720470 512 628 64
7 2 8720470 512 631 60
8 2 8720470 512 632 57
7 2 8720470 512 634 54
8 2 8720470 512 636 52
8 2 8720470 512 636 50
8 2 8720470 512 638 48
7 2 8720470 512 638 46
8 2 8720470 512 639 44
7 2 8720470 512 639 44
8 2 8720470 512 640 42
8 2 8720470 512 640 41
7 2 8720470 512 641 39
8 2 8720470 512 642 38
8 2 8720470 512 642 37
7 2 8720470 512 643 36
16 2 8720470 512 644 34
8 2 8720470 512 644 33
15 2 8720470 512 645 32
16 2 8720470 512 646 30
8 2 8720470 512 646 29
8 2 8720470 512 648 28
8 2 8720470 512 648 27
8 2 8720470 512 649 26
7 2 8720470 512 650 25
8 2 8720470 512 651 22
8 2 8720470 512 651 22
8 2 8720470 512 651 21
8 2 8720470 512 651 19
8 2 8720470 512 652 18
16 2 8720470 512 652 17
392 6 8720470 513 652 17
80 6 8720470 514 652 17
49 2 8720470 512 652 19
9 2 8720470 512 651 21
5 2 8720470 512 649 25
8 2 8720470 512 646 29
7 2 8720470 512 641 34
7 2 8720470 512 634 42
8 2 8720470 512 626 49
7 2 8720470 512 614 59
7 2 8720470 512 600 70
8 2 8720470 512 580 84
6 2 8720470 512 556 100
9 2 8720470 512 529 115
7 2 8720470 512 502 132
9 2 8720470 512 476 147
7 2 8720470 512 452 161
8 2 8720470 512 430 175
7 2 8720470 512 412 185
7 2 8720470 512 398 194
7 2 8720470 512 387 200
7 2 8720470 512 379 206
7 2 8720470 512 373 210
9 2 8720470 512 369 213
6 2 8720470 512 367 215
7 2 8720470 512 367 216
16 2 8720470 512 367 217
7 2 8720470 512 367 217
8 2 8720470 512 367 218
7 2 8720470 512 858994096 858993772
7 2 8720470 512 858994096 858993773
7 2 8720470 512 858994096 858993774
8 2 8720470 512 858994096 858993775
7 2 8720470 512 858994096 858993776
232 2 8720470 512 858994096 858993777
8 2 8720470 512 858994096 858993778
16 2 8720470 512 858994097 858993779
8 2 8720470 512 858994098 858993781
8 2 8720470 512 858994100 858993784
8 2 8720470 512 858994103 858993788
8 2 8720470 512 858994108 858993794
8 2 8720470 512 858994115 858993803
8 2 8720470 512 858994125 858993812
8 2 8720470 512 858994137 858993822
8 2 8720470 512 858994152 858993836
8 2 8720470 512 858994171 858993851
6 2 8720470 512 858994191 858993864
8 2 8720470 512 858994210 858993878
8 2 8720470 512 858994229 858993889
7 2 8720470 512 858994248 858993901
8 2 8720470 512 858994263 858993910
8 2 8720470 512 858994279 858993919
7 2 8720470 512 858994289 858993926
8 2 8720470 512 858994297 858993931
7 2 8720470 512 858994301 858993934
8 2 8720470 512 858994304 858993936
7 2 8720470 512 858994304 858993937
8 2 8720470 512 858994305 858993938
8 2 8720470 512 858994305 858993938
6 2 8720470 512 858994305 858993938
8 2 8720470 512 858994302 858993938
7 2 8720470 512 858994296 858993938
7 2 8720470 512 858994288 858993938
8 2 8720470 512 858994277 858993938
7 2 8720470 512 858994265 858993938
7 2 8720470 512 858994253 858993939
7 2 8720470 512 858994244 858993941
7 2 8720470 512 858994238 858993943
7 2 8720470 512 858994234 858993944
7 2 8720470 512 858994231 858993946
8 2 8720470 512 858994231 858993946
8 2 8720470 512 858994230 858993947
16 2 8720470 512 858994230 858993948
7 2 8720470 512 858994230 858993949
8 2 8720470 512 858994230 858993951
8 2 8720470 512 858994231 858993954
7 2 8720470 512 858994233 858993959
8 2 8720470 512 858994237 858993964
8 2 8720470 512 858994242 858993969
7 2 8720470 512 858994247 858993973
8 2 8720470 512 858994254 858993976
7 2 8720470 512 858994261 858993978
8 2 8720470 512 858994268 858993980
6 2 8720470 512 858994274 858993981
7 2 8720470 512 858994278 858993981
8 2 8720470 512 858994284 858993980
8 2 8720470 512 858994287 858993978
7 2 8720470 512 858994289 858993976
7 2 8720470 512 858994290 858993973
8 2 8720470 512 858994291 858993968
8 2 8720470 512 858994291 858993963
8 2 8720470 512 858994291 858993954
8 2 8720470 512 858994289 858993945
8 2 8720470 512 858994286 858993936
7 2 8720470 512 858994282 858993926
7 2 8720470 512 858994278 858993917
7 2 8720470 512 858994274 858993909
8 2 8720470 512 858994269 858993902
8 2 8720470 512 858994264 858993895
9 2 8720470 512 858994257 858993890
7 2 8720470 512 858994251 858993886
8 2 8720470 512 858994248 858993884
8 2 8720470 512 858994245 858993882
7 2 8720470 512 858994242 858993881
8 2 8720470 512 858994242 858993881
8 2 8720470 512 858994239 858993881
7 2 8720470 512 858994237 858993882
8 2 8720470 512 858994235 858993883
7 2 8720470 512 858994233 858993885
8 2 8720470 512 858994232 858993886
8 2 8720470 512 858994231 858993887
16 2 8720470 512 858994231 858993888
32 2 8720470 512 858994231 858993889
8 2 8720470 512 858994231 858993889
7 2 8720470 512 858994231 858993890
8 2 8720470 512 858994231 858993892
8 2 8720470 512 858994231 858993895
7 2 8720470 512 858994231 858993896
8 2 8720470 512 858994231 858993897
8 2 8720470 512 858994231 858993899
16 2 8720470 512 858994231 858993900
8 2 8720470 512 858994231 858993901
8 2 8720470 512 858994231 858993901
7 2 8720470 512 858994232 858993902
192 2 8720470 512 858994232 858993902
15 2 8720470 512 858994233 858993902
7 2 8720470 512 858994233 858993902
16 2 8720470 512 858994234 858993902
16 2 8720470 512 858994235 858993903
8 2 8720470 512 858994236 858993904
7 2 8720470 512 858994236 858993904
7 2 8720470 512 858994238 858993904
8 2 8720470 512 858994238 858993904
8 2 8720470 512 858994240 858993905
7 2 8720470 512 858994242 858993906
8 2 8720470 512 858994244 858993907
8 2 8720470 512 858994247 858993909
8 2 8720470 512 858994249 858993910
8 2 8720470 512 858994251 858993912
8 2 8720470 512 858994255 858993913
6 2 8720470 512 858994260 858993916
8 2 8720470 512 858994265 858993918
8 2 8720470 512 858994271 858993921
8 2 8720470 512 858994275 858993924
8 2 8720470 512 858994280 858993926
8 2 8720470 512 858994283 858993929
8 2 8720470 512 858994287 858993932
8 2 8720470 512 858994289 858993934
8 2 8720470 512 858994291 858993936
8 2 8720470 512 858994291 858993938
24 2 8720470 512 858994292 858993939
16 2 8720470 512 858994293 858993939
16 2 8720470 512 858994293 858993940
6 2 8720470 512 858994293 858993941
7 2 8720470 512 858994293 858993942
48 2 8720470 512 858994293 858993942
15 2 8720470 512 858994291 858993942
8 2 8720470 512 858994288 858993942
8 2 8720470 512 858994283 858993942
8 2 8720470 512 858994276 858993944
8 2 8720470 512 858994270 858993946
8 2 8720470 512 858994263 858993947
8 2 8720470 512 858994256 858993949
8 2 8720470 512 858994248 858993954
8 2 8720470 512 858994239 858993957
8 2 8720470 512 858994232 858993959
8 2 8720470 512 858994227 858993962
8 2 8720470 512 858994222 858993963
8 2 8720470 512 858994220 858993964
8 2 8720470 512 858994219 858993965
16 2 8720470 512 858994218 858993965
16 2 8720470 512 858994218 858993966
7 2 8720470 512 858994218 858993966
8 2 8720470 512 858994218 858993967
8 2 8720470 512 858994218 858993968
464 2 8720470 512 858994218 858993969
8 2 8720470 512 858994219 858993970
8 2 8720470 512 858994220 858993972
6 2 8720470 512 858994224 858993973
7 2 8720470 512 858994228 858993976
7 2 8720470 512 858994233 858993978
8 2 8720470 512 858994239 858993980
7 2 8720470 512 858994245 858993981
7 2 8720470 512 858994254 858993983
7 2 8720470 512 858994262 858993985
7 2 8720470 512 858994269 858993986
7 2 8720470 512 858994273 858993987
8 2 8720470 512 858994275 858993987
8 2 8720470 512 858994276 858993987
9 2 8720470 512 858994277 858993987
30 2 8720470 512 858994276 858993987
7 2 8720470 512 858994272 858993987
8 2 8720470 512 858994264 858993987
8 2 8720470 512 858994255 858993987
8 2 8720470 512 858994243 858993987
7 2 8720470 512 858994232 858993987
7 2 8720470 512 858994220 858993987
8 2 8720470 512 858994210 858993987
8 2 8720470 512 858994198 858993987
8 2 8720470 512 858994187 858993987
7 2 8720470 512 858994177 858993987
7 2 8720470 512 858994165 858993986
8 2 8720470 512 858994155 858993985
8 2 8720470 512 858994144 858993983
8 2 8720470 512 858994136 858993981
8 2 8720470 512 858994128 858993979
8 2 8720470 512 858994120 858993978
9 2 8720470 512 858994114 858993978
6 2 8720470 512 858994109 858993978
8 2 8720470 512 858994103 858993978
7 2 8720470 512 858994098 858993978
7 2 8720470 512 858994093 858993979
7 2 8720470 512 858994090 858993980
8 2 8720470 512 858994088 858993980
7 2 8720470 512 858994087 858993981
8 2 8720470 512 858994085 858993982
7 2 8720470 512 858994084 858993982
143 2 8720470 512 858994083 858993982
8 2 8720470 512 858994083 858993982
24 2 8720470 512 858994082 858993982
143 2 8720470 512 858994082 858993982
8 2 8720470 512 858994082 858993982
8 2 8720470 512 858994083 858993982
8 2 8720470 512 858994084 858993982
8 2 8720470 512 858994086 858993981
8 2 8720470 512 858994088 858993981
8 2 8720470 512 858994091 858993981
8 2 8720470 512 858994095 858993980
8 2 8720470 512 858994098 858993979
8 2 8720470 512 858994100 858993979
8 2 8720470 512 858994101 858993978
8 2 8720470 512 858994103 858993977
16 2 8720470 512 858994104 858993977
24 2 8720470 512 858994105 858993976
16 2 8720470 512 858994106 858993974
8 2 8720470 512 858994107 858993973
8 2 8720470 512 858994108 858993970
7 2 8720470 512 858994110 858993966
8 2 8720470 512 858994112 858993962
8 2 8720470 512 858994114 858993956
8 2 8720470 512 858994116 858993950
7 2 8720470 512 858994120 858993944
8 2 8720470 512 858994122 858993938
8 2 8720470 512 858994127 858993932
7 2 8720470 512 858994132 858993926
8 2 8720470 512 858994137 858993921
8 2 8720470 512 858994143 858993915
8 2 8720470 512 858994148 858993910
7 2 8720470 512 858994154 858993905
8 2 8720470 512 858994160 858993900
8 2 8720470 512 858994167 858993894
8 2 8720470 512 858994175 858993887
8 2 8720470 512 858994184 858993879
8 2 8720470 512 858994191 858993871
7 2 8720470 512 858994197 858993862
8 2 8720470 512 858994201 858993854
7 2 8720470 512 858994206 858993846
8 2 8720470 512 858994209 858993840
8 2 8720470 512 858994211 858993836
8 2 8720470 512 858994212 858993834
8 2 8720470 512 858994212 858993833
151 2 8720470 512 858994213 858993833
16 2 8720470 512 858994214 858993833
8 2 8720470 512 858994217 858993833
7 2 8720470 512 858994220 858993833
8 2 8720470 512 858994224 858993833
6 2 8720470 512 858994228 858993832
8 2 8720470 512 858994230 858993831
8 2 8720470 512 858994234 858993829
8 2 8720470 512 858994237 858993827
8 2 8720470 512 858994243 858993822
8 2 8720470 512 858994251 858993814
7 2 8720470 512 858994260 858993804
8 2 8720470 512 858994270 858993792
6 2 8720470 512 858994283 858993779
8 2 8720470 512 858994294 858993767
7 2 8720470 512 858994304 858993755
7 2 8720470 512 858994309 858993747
8 2 8720470 512 858994312 858993740
8 2 8720470 512 858994313 858993737
8 2 8720470 512 858994313 858993735
40 2 8720470 512 858994313 858993735
8 2 8720470 512 858994314 858993739
8 2 8720470 512 858994315 858993746
8 2 8720470 512 858994317 858993754
8 2 8720470 512 858994321 858993764
8 2 8720470 512 858994325 858993775
8 2 8720470 512 858994330 858993784
8 2 8720470 512 858994336 858993791
8 2 8720470 512 858994341 858993797
7 2 8720470 512 858994344 858993802
8 2 8720470 512 858994348 858993804
8 2 8720470 512 858994350 858993804
8 2 8720470 512 858994351 858993805
16 2 8720470 512 858994352 858993805
8 2 8720470 512 858994352 858993804
8 2 8720470 512 858994353 858993801
8 2 8720470 512 858994354 858993798
8 2 8720470 512 858994354 858993795
8 2 8720470 512 858994355 858993791
7 2 8720470 512 858994356 858993787
8 2 8720470 512 858994358 858993785
7 2 8720470 512 858994360 858993782
8 2 8720470 512 858994361 858993779
7 2 8720470 512 858994363 858993776
8 2 8720470 512 858994364 858993775
8 2 8720470 512 858994366 858993773
7 2 8720470 512 858994368 858993772
7 2 8720470 512 858994370 858993771
8 2 8720470 512 858994371 858993771
7 2 8720470 512 858994372 858993771
8 2 8720470 512 858994373 858993771
8 2 8720470 512 858994374 858993771
7 2 8720470 512 858994377 858993771
15 2 8720470 512 858994378 858993771
7 2 8720470 512 858994379 858993772
8 2 8720470 512 858994380 858993772
16 2 8720470 512 858994380 858993772
47 2 8720470 512 858994381 858993772
7 2 8720470 512 858994381 858993771
8 2 8720470 512 858994380 858993767
8 2 8720470 512 858994377 858993761
8 2 8720470 512 858994372 858993753
7 2 8720470 512 858994367 858993743
8 2 8720470 512 858994360 858993733
8 2 8720470 512 858994351 858993722
8 2 8720470 512 858994341 858993708
8 2 8720470 512 858994326 858993694
8 2 8720470 512 858994308 858993678
8 2 8720470 512 858994283 858993661
7 2 8720470 512 858994258 858993643
7 2 8720470 512 858994231 858993624
7 2 8720470 512 858994201 858993605
7 2 8720470 512 858994172 858993586
7 2 8720470 512 858994145 858993571
7 2 8720470 512 858994122 858993560
8 2 8720470 512 858994107 858993552
7 2 8720470 512 858994094 858993547
6 2 8720470 512 858994085 858993542
8 2 8720470 512 858994076 858993540
6 2 8720470 512 858994069 858993539
8 2 8720470 512 858994064 858993538
6 2 8720470 512 858994061 858993538
7 2 8720470 512 858994058 858993538
7 2 8720470 512 858994055 858993538
8 2 8720470 512 858994054 858993538
8 2 8720470 512 858994052 858993538
8 2 8720470 512 858994051 858993538
7 2 8720470 512 858994050 858993539
8 2 8720470 512 858994049 858993540
7 2 8720470 512 858994048 858993541
7 2 8720470 512 858994048 858993543
7 2 8720470 512 858994047 858993543
8 2 8720470 512 858994046 858993545
16 2 8720470 512 858994046 858993546
80 2 8720470 512 858994044 858993547
15 2 8720470 512 858994044 858993548
7 2 8720470 512 858994043 858993549
8 2 8720470 512 858994042 858993550
8 2 8720470 512 858994041 858993551
9 2 8720470 512 858994041 858993552
71 2 8720470 512 858994040 858993552
8 2 8720470 512 858994040 858993553
8 2 8720470 512 858994038 858993553
8 2 8720470 512 858994038 858993554
8 2 8720470 512 858994036 858993555
8 2 8720470 512 858994036 858993556
8 2 8720470 512 858994034 858993557
7 2 8720470 512 858994034 858993558
7 2 8720470 512 858994032 858993559
8 2 8720470 512 858994032 858993560
7 2 8720470 512 858994030 858993561
8 2 8720470 512 858994030 858993561
15 2 8720470 512 858994028 858993562
7 2 8720470 512 858994028 858993563
56 2 8720470 512 858994027 858993563
16 2 8720470 512 858994027 858993564
8 2 8720470 512 858994026 858993564
8 2 8720470 512 858994026 858993566
7 2 8720470 512 858994025 858993566
8 2 8720470 512 858994024 858993567
8 2 8720470 512 858994024 858993567
104 2 8720470 512 858994023 858993569
24 2 8720470 512 858994023 858993569
185 2 8720470 513 294 15
102 2 8720470 512 294 15
8 2 8720470 512 294 15
8 2 8720470 512 296 15
7 2 8720470 512 299 15
10 2 8720470 512 297 15
6 2 8720470 512 298 15
6 2 8720470 512 296 15
7 2 8720470 512 298 14
8 2 8720470 512 295 14
9 2 8720470 512 295 15
7 2 8720470 512 296 15
7 2 8720470 512 296 15
8 2 8720470 512 296 15
8 2 8720470 512 296 15
8 2 8720470 512 296 15
7 2 8720470 512 297 15
8 2 8720470 512 297 15
8 2 8720470 512 297 15
8 2 8720470 512 295 15
6 2 8720470 512 296 15
8 2 8720470 512 296 15
8 2 8720470 512 295 15
8 2 8720470 512 297 15
8 2 8720470 512 297 16
7 2 8720470 512 295 15
8 2 8720470 512 295 15
8 2 8720470 512 296 15
8 2 8720470 512 295 15
8 2 8720470 512 295 15
8 2 8720470 512 295 15
7 2 8720470 512 296 15
7 2 8720470 512 296 15
8 2 8720470 512 297 15
8 2 8720470 512 297 15
8 2 8720470 512 297 15
8 2 8720470 512 297 15
8 2 8720470 512 297 15
7 2 8720470 512 297 15
8 2 8720470 512 296 15
7 2 8720470 512 296 15
8 2 8720470 512 296 15
8 2 8720470 512 296 15
8 2 8720470 512 297 15
8 2 8720470 512 297 15
7 2 8720470 512 297 15
7 2 8720470 512 297 15
8 2 8720470 512 297 15
7 2 8720470 512 297 15
7 2 8720470 512 296 15
7 2 8720470 512 296 15
8 2 8720470 512 297 15
8 2 8720470 512 294 15
8 2 8720470 512 295 15
8 2 8720470 512 295 15
8 2 8720470 512 295 15
6 2 8720470 512 295 15
8 2 8720470 512 296 15
8 2 8720470 512 296 15
7 2 8720470 512 296 15
8 2 8720470 512 297 15
7 2 8720470 512 296 15
7 2 8720470 512 297 15
8 2 8720470 512 297 15
8 2 8720470 512 297 15
8 2 8720470 512 299 15
7 2 8720470 512 298 14
7 2 8720470 512 296 14
8 2 8720470 512 296 15
7 2 8720470 512 298 14
8 2 8720470 512 296 15
6 2 8720470 512 299 14
8 2 8720470 512 297 15
8 2 8720470 512 299 15
8 2 8720470 512 299 15
7 2 8720470 512 298 15
8 2 8720470 512 297 15
7 2 8720470 512 298 15
9 2 8720470 512 297 15
6 2 8720470 512 298 15
1 2 8720470 512 341 15
7 2 8720470 512 297 15
5 2 8720470 512 298 15
7 2 8720470 512 298 15
8 2 8720470 512 298 15
7 2 8720470 512 300 15
8 2 8720470 512 299 15
7 2 8720470 512 299 15
8 2 8720470 512 300 15
6 2 8720470 512 299 15
9 2 8720470 512 300 15
7 2 8720470 512 301 14
9 2 8720470 512 297 14
8 2 8720470 512 297 14
7 2 8720470 512 296 15
8 2 8720470 512 297 15
9 2 8720470 512 297 15
5 2 8720470 512 296 15
8 2 8720470 512 296 15
8 2 8720470 512 296 15
8 2 8720470 512 296 15
8 2 8720470 512 294 15
7 2 8720470 512 295 15
8 2 8720470 512 295 15
8 2 8720470 512 294 15
6 2 8720470 512 295 14
40 2 8720470 514 294 15
40 2 8720470 512 294 15
8 2 8720470 512 294 16
8 2 8720470 512 294 17
7 2 8720470 512 294 17
16 2 8720470 512 294 18
8 2 8720470 512 295 19
7 2 8720470 512 297 20
8 2 8720470 512 298 21
8 2 8720470 512 300 23
8 2 8720470 512 303 23
8 2 8720470 512 305 24
7 2 8720470 512 306 25
8 2 8720470 512 307 25
16 2 8720470 512 307 25
15 2 8720470 512 308 25
8 2 8720470 512 309 25
8 2 8720470 512 310 25
8 2 8720470 512 312 26
8 2 8720470 512 314 26
7 2 8720470 512 316 26
8 2 8720470 512 319 27
8 2 8720470 512 320 27
23 2 8720470 512 321 27
8 2 8720470 512 321 27
16 2 8720470 512 322 27
16 2 8720470 512 323 27
7 2 8720470 512 323 27
8 2 8720470 512 324 27
8 2 8720470 512 325 27
7 2 8720470 512 325 27
24 2 8720470 512 326 27
7 2 8720470 512 327 27
8 2 8720470 512 327 27
8 2 8720470 512 328 27
8 2 8720470 512 328 27
7 2 8720470 512 330 27
8 2 8720470 512 331 27
72 2 8720470 512 331 27
7 2 8720470 512 332 27
48 2 8720470 512 333 27
32 2 8720470 512 333 26
8 2 8720470 512 333 26
16 2 8720470 512 333 25
8 2 8720470 512 333 24
16 2 8720470 512 333 24
8 2 8720470 512 333 23
8 2 8720470 512 333 23
71 2 8720470 512 333 22
24 2 8720470 512 333 22
8 2 8720470 512 333 21
96 2 8720470 512 333 20
88 2 8720470 513 333 20
120 2 8720470 512 332 20
16 2 8720470 512 332 20
9 2 8720470 512 331 20
6 2 8720470 512 330 20
8 2 8720470 512 327 20
8 2 8720470 512 323 20
8 2 8720470 512 326 20
8 2 8720470 512 325 20
8 2 8720470 512 323 20
8 2 8720470 512 321 20
8 2 8720470 512 320 20
8 2 8720470 512 318 20
8 2 8720470 512 319 20
7 2 8720470 512 318 21
8 2 8720470 512 318 21
8 2 8720470 512 320 22
8 2 8720470 512 321 21
8 2 8720470 512 321 21
8 2 8720470 512 322 21
8 2 8720470 512 324 21
8 2 8720470 512 323 21
7 2 8720470 512 328 20
7 2 8720470 512 326 20
8 2 8720470 512 329 20
8 2 8720470 512 330 20
9 2 8720470 512 329 20
9 2 8720470 512 330 20
6 2 8720470 512 329 20
8 2 8720470 512 330 20
7 2 8720470 512 329 20
7 2 8720470 512 330 20
8 2 8720470 512 328 20
8 2 8720470 512 329 20
7 2 8720470 512 326 20
8 2 8720470 512 326 20
7 2 8720470 512 327 20
8 2 8720470 512 326 20
9 2 8720470 512 326 20
7 2 8720470 512 328 20
6 2 8720470 512 327 20
7 2 8720470 512 328 20
7 2 8720470 512 327 20
8 2 8720470 512 328 20
8 2 8720470 512 328 20
8 2 8720470 512 329 20
9 2 8720470 512 328 20
8 2 8720470 512 329 20
7 2 8720470 512 329 20
8 2 8720470 512 329 20
7 2 8720470 512 329 20
8 2 8720470 512 329 20
7 2 8720470 512 329 20
7 2 8720470 512 329 20
7 2 8720470 512 330 20
7 2 8720470 512 330 20
7 2 8720470 512 329 20
7 2 8720470 512 328 20
7 2 8720470 512 328 20
7 2 8720470 512 328 20
8 2 8720470 512 328 20
7 2 8720470 512 329 20
8 2 8720470 512 329 20
7 2 8720470 512 329 20
7 2 8720470 512 329 20
8 2 8720470 512 329 20
8 2 8720470 512 327 20
8 2 8720470 512 329 20
8 2 8720470 512 329 20
7 2 8720470 512 330 20
8 2 8720470 512 329 20
7 2 8720470 512 329 20
8 2 8720470 512 329 20
6 2 8720470 512 330 20
7 2 8720470 512 331 20
8 2 8720470 512 331 20
9 2 8720470 512 331 20
6 2 8720470 512 331 20
8 2 8720470 512 332 20
6 2 8720470 512 332 20
8 2 8720470 512 332 20
7 2 8720470 512 333 20
7 2 8720470 512 331 20
8 2 8720470 512 332 20
7 2 8720470 512 332 20
8 2 8720470 512 332 20
7 2 8720470 512 331 20
7 2 8720470 512 331 21
7 2 8720470 512 332 21
8 2 8720470 512 332 20
7 2 8720470 512 332 20
8 2 8720470 512 331 20
6 2 8720470 512 331 20
8 2 8720470 512 331 20
6 2 8720470 512 331 20
7 2 8720470 512 331 20
8 2 8720470 512 330 20
8 2 8720470 512 332 20
7 2 8720470 512 331 20
9 2 8720470 512 331 20
6 2 8720470 512 330 20
9 2 8720470 512 330 20
6 2 8720470 512 331 20
9 2 8720470 512 330 20
6 2 8720470 512 331 20
7 2 8720470 512 330 20
8 2 8720470 512 330 20
8 2 8720470 512 330 20
7 2 8720470 512 330 20
8 2 8720470 512 331 20
7 2 8720470 512 332 20
8 2 8720470 512 331 20
7 2 8720470 512 332 20
7 2 8720470 512 333 20
7 2 8720470 512 332 20
8 2 8720470 512 332 20
7 2 8720470 512 333 20
7 2 8720470 512 332 20
7 2 8720470 512 332 20
8 2 8720470 512 332 20
6 2 8720470 512 332 20
16 2 8720470 512 332 20
6 2 8720470 512 332 20
9 2 8720470 512 332 20
7 2 8720470 512 332 20
8 2 8720470 512 332 20
7 2 8720470 512 332 20
9 2 8720470 512 332 20
6 2 8720470 512 332 20
8 2 8720470 512 330 21
5 2 8720470 512 331 21
8 2 8720470 512 333 20
6 2 8720470 512 331 20
7 2 8720470 512 333 20
7 2 8720470 512 332 20
40 2 8720470 512 333 20
8 2 8720470 512 332 20
8 2 8720470 512 332 21
16 2 8720470 512 332 20
7 2 8720470 512 333 20
48 2 8720470 514 333 20
87 2 8720470 512 334 20
8 2 8720470 512 336 20
8 2 8720470 512 342 20
8 2 8720470 512 353 20
7 2 8720470 512 363 22
8 2 8720470 512 377 23
8 2 8720470 512 391 24
8 2 8720470 512 406 25
8 2 8720470 512 421 25
8 2 8720470 512 439 25
8 2 8720470 512 455 25
8 2 8720470 512 472 25
8 2 8720470 512 488 25
8 2 8720470 512 505 25
8 2 8720470 512 521 25
8 2 8720470 512 536 25
6 2 8720470 512 549 25
8 2 8720470 512 560 25
8 2 8720470 512 568 25
7 2 8720470 512 573 25
8 2 8720470 512 575 25
8 2 8720470 512 576 25
8 2 8720470 512 577 25
8 2 8720470 512 578 25
7 2 8720470 512 579 25
7 2 8720470 512 579 25
8 2 8720470 512 580 24
7 2 8720470 512 581 24
8 2 8720470 512 583 22
7 2 8720470 512 584 21
8 2 8720470 512 585 21
8 2 8720470 512 586 21
8 2 8720470 512 587 21
8 2 8720470 512 588 21
8 2 8720470 512 588 21
8 2 8720470 512 590 21
8 2 8720470 512 591 21
8 2 8720470 512 592 21
7 2 8720470 512 594 21
8 2 8720470 512 596 21
8 2 8720470 512 599 21
8 2 8720470 512 603 21
8 2 8720470 512 607 21
8 2 8720470 512 612 21
7 2 8720470 512 616 21
8 2 8720470 512 619 21
8 2 8720470 512 621 22
7 2 8720470 512 622 22
9 2 8720470 512 624 22
7 2 8720470 512 624 22
16 2 8720470 512 625 22
7 2 8720470 512 625 22
8 2 8720470 512 627 22
8 2 8720470 512 629 22
8 2 8720470 512 630 22
8 2 8720470 512 632 22
8 2 8720470 512 634 22
8 2 8720470 512 636 22
8 2 8720470 512 636 22
16 2 8720470 512 637 22
7 2 8720470 512 637 22
8 2 8720470 512 638 22
8 2 8720470 512 639 22
8 2 8720470 512 639 22
8 2 8720470 512 641 21
15 2 8720470 512 642 21
8 2 8720470 512 645 20
7 2 8720470 512 645 20
72 2 8720470 512 646 20
360 2 8720470 512 646 20
7 2 8720470 512 647 20
0 2 8720470 513 647 20
7 2 8720470 512 647 19
71 2 8720470 514 647 19
56 2 8720470 512 32715 32118
6 2 8720470 512 32716 32119
7 2 8720470 512 32717 32119
8 2 8720470 512 32717 32121
8 2 8720470 512 32718 32125
6 2 8720470 512 32720 32129
8 2 8720470 512 32721 32134
7 2 8720470 512 32723 32142
7 2 8720470 512 32725 32152
7 2 8720470 512 32727 32163
8 2 8720470 512 32731 32175
6 2 8720470 512 32735 32187
7 2 8720470 512 32740 32201
7 2 8720470 512 32744 32212
7 2 8720470 512 32748 32223
7 2 8720470 512 32752 32232
7 2 8720470 512 32755 32239
7 2 8720470 512 32758 32245
8 2 8720470 512 32760 32250
7 2 8720470 512 32761 32256
7 2 8720470 512 32762 32262
7 2 8720470 512 32764 32269
7 2 8720470 512 32765 32274
7 2 8720470 512 32767 32280
7 2 8720470 512 32768 32286
7 2 8720470 512 32770 32292
7 2 8720470 512 32771 32295
7 2 8720470 512 32772 32298
7 2 8720470 512 32772 32299
8 2 8720470 512 32772 32301
8 2 8720470 512 32772 32302
8 2 8720470 512 32772 32304
7 2 8720470 512 32772 32306
8 2 8720470 512 32772 32308
7 2 8720470 512 32772 32310
8 2 8720470 512 32772 32313
7 2 8720470 512 32772 32315
8 2 8720470 512 32770 32320
8 2 8720470 512 32768 32324
8 2 8720470 512 32768 32328
8 2 8720470 512 32765 32333
8 2 8720470 512 32762 32338
8 2 8720470 512 32758 32344
8 2 8720470 512 32754 32350
8 2 8720470 512 32749 32357
8 2 8720470 512 32742 32363
7 2 8720470 512 32736 32370
8 2 8720470 512 32730 32376
7 2 8720470 512 32725 32381
8 2 8720470 512 32720 32385
6 2 8720470 512 32715 32388
8 2 8720470 512 32713 32391
8 2 8720470 512 32711 32393
8 2 8720470 512 32709 32395
8 2 8720470 512 32708 32396
8 2 8720470 512 32707 32396
350 1 1317024 162
85 1 1317024 67
